{
  "n_states": 6,
  "trained_at": "2026-04-13T01:41:43.750970+00:00",
  "training_start": "2012-03-29",
  "training_end": "2026-04-10",
  "transmat": [
    [
      0.9881956155143339,
      0.003372681281618887,
      0.0016863406408094434,
      0.0016863406408094434,
      0.0016863406408094434,
      0.003372681281618887
    ],
    [
      0.001402524544179523,
      0.9901823281907434,
      0.002805049088359046,
      0.001402524544179523,
      0.002805049088359046,
      0.001402524544179523
    ],
    [
      0.0010482180293501049,
      0.0010482180293501049,
      0.9937106918238994,
      0.0010482180293501049,
      0.0020964360587002098,
      0.0010482180293501049
    ],
    [
      0.004975124378109453,
      0.004975124378109453,
      0.004975124378109453,
      0.9701492537313433,
      0.004975124378109453,
      0.009950248756218905
    ],
    [
      0.002277904328018223,
      0.002277904328018223,
      0.0011389521640091116,
      0.0011389521640091116,
      0.9920273348519362,
      0.0011389521640091116
    ],
    [
      0.002793296089385475,
      0.00558659217877095,
      0.002793296089385475,
      0.00558659217877095,
      0.002793296089385475,
      0.9804469273743017
    ]
  ],
  "means": [
    [
      -0.6678132565909896,
      -0.7164058124623003,
      -1.0916556416915721,
      -1.3505222673995696,
      -0.7054767443059416,
      0.02136824015485586,
      -0.973466153274551,
      -0.7612320237613166,
      -1.1244287972343925,
      -0.4562983536979643
    ],
    [
      -1.044050090449931,
      -0.9908375275798825,
      0.5921824746602011,
      0.55884156096098,
      0.97833217486077,
      0.5667021543186286,
      0.9538870662392918,
      -0.6403140240680407,
      -0.80784842453876,
      -0.2974637095102642
    ],
    [
      -0.2923971991495934,
      -0.6586381513324305,
      -1.1546473831802067,
      -0.8003314895264129,
      -0.1639424410799051,
      2.1093991232084446,
      0.5085340235820898,
      0.21146805852979284,
      -1.505008026105255,
      -0.563017653118776
    ],
    [
      1.0786580485049875,
      0.9063580512779223,
      -0.2585850129871931,
      -0.5763857846998792,
      -2.4176228696242967,
      -1.736396212027745,
      -2.7072807375556427,
      0.9636013651376396,
      1.376010458026013,
      1.6878825211553017
    ],
    [
      -0.358360139447509,
      -0.21448435832697768,
      -1.4853657379010754,
      -1.6065430356004422,
      1.6208597605770327,
      1.9543501825424825,
      1.6906205878289653,
      0.5845794698910037,
      -0.7459515047323642,
      -0.05137050104908113
    ],
    [
      -0.7327635917470952,
      -0.7813557121451308,
      1.0779226304373077,
      0.93904294746079,
      -0.6808770441552033,
      -1.025743725845035,
      -1.615009117051457,
      -0.5746297494304488,
      -0.09220005164117123,
      0.37213847351801715
    ]
  ],
  "covars": [
    [
      [
        0.19929617129885452,
        0.1969739133545533,
        -0.16775474964376516,
        -0.20013580581850762,
        -0.0879303545365818,
        0.07979368999276802,
        -0.04585037356429764,
        0.2031546136365059,
        0.06549977095837291,
        0.1243078633885966
      ],
      [
        0.1969739133545533,
        0.26756336326638047,
        -0.16308318641833847,
        -0.2101299379461559,
        -0.00821073094073595,
        0.1101909166050526,
        0.06541668189356958,
        0.22160717589208237,
        0.005024474737905012,
        0.1211670911406697
      ],
      [
        -0.16775474964376516,
        -0.16308318641833847,
        0.22702973292424827,
        0.3225076943805459,
        0.04659054742343584,
        -0.17967784189626002,
        -0.0250002265152501,
        -0.1808587171879759,
        -0.023469024220407027,
        -0.18113180558915626
      ],
      [
        -0.20013580581850762,
        -0.2101299379461559,
        0.3225076943805459,
        0.5518851446500315,
        -0.02834630292611883,
        -0.36786990794697977,
        -0.15888948044931006,
        -0.20228439609134696,
        0.036331012416148944,
        -0.3147036285368563
      ],
      [
        -0.0879303545365818,
        -0.00821073094073595,
        0.04659054742343584,
        -0.02834630292611883,
        0.411370147763021,
        0.24608571841801455,
        0.4600652346494904,
        -0.11527399272161729,
        -0.09550507513969,
        -0.05396887301169951
      ],
      [
        0.07979368999276802,
        0.1101909166050526,
        -0.17967784189626002,
        -0.36786990794697977,
        0.24608571841801455,
        0.4112188828304716,
        0.3641530782669368,
        0.07249758336503563,
        -0.07569523798179176,
        0.1876807517109872
      ],
      [
        -0.04585037356429764,
        0.06541668189356958,
        -0.0250002265152501,
        -0.15888948044931006,
        0.4600652346494904,
        0.3641530782669368,
        0.5807585718524123,
        -0.06033152543873351,
        -0.12285162477056497,
        0.030295113184868053
      ],
      [
        0.2031546136365059,
        0.22160717589208237,
        -0.1808587171879759,
        -0.20228439609134696,
        -0.11527399272161729,
        0.07249758336503563,
        -0.06033152543873351,
        0.25818559884678627,
        0.04758647195745975,
        0.1308202862971447
      ],
      [
        0.06549977095837291,
        0.005024474737905012,
        -0.023469024220407027,
        0.036331012416148944,
        -0.09550507513969,
        -0.07569523798179176,
        -0.12285162477056497,
        0.04758647195745975,
        0.2550042631323462,
        -0.02863520181160114
      ],
      [
        0.1243078633885966,
        0.1211670911406697,
        -0.18113180558915626,
        -0.3147036285368563,
        -0.05396887301169951,
        0.1876807517109872,
        0.030295113184868053,
        0.1308202862971447,
        -0.02863520181160114,
        0.28363722454689083
      ]
    ],
    [
      [
        0.21573731023723594,
        0.2077974560524515,
        -0.15535515342182388,
        0.03195624858786883,
        0.004393166528602528,
        0.03354845380330167,
        -0.07501325765781607,
        0.26678557730981756,
        0.10953935963854627,
        0.29356308042837115
      ],
      [
        0.20779745605245167,
        0.2469934470217773,
        -0.1615253850506773,
        0.13762798531177325,
        0.035075966697839224,
        0.06765848399992433,
        -0.07002834558296618,
        0.27333923677423366,
        0.055083388788134804,
        0.2538886640454329
      ],
      [
        -0.15535515342182388,
        -0.16152538505067712,
        0.3572781095218139,
        0.06187655974042881,
        0.003981116623124908,
        -0.11216774177404386,
        0.1366075146991534,
        -0.34856665936384584,
        -0.20213590882236743,
        -0.18291092234102893
      ],
      [
        0.03195624858786883,
        0.1376279853117731,
        0.06187655974042881,
        0.433196624318216,
        0.05828056233694313,
        0.0770243542824375,
        -0.03620182288469556,
        0.014681537982347148,
        -0.19757394963259486,
        0.01634364354028501
      ],
      [
        0.004393166528602528,
        0.035075966697839224,
        0.003981116623124908,
        0.05828056233694313,
        0.07519634687183724,
        0.058347664827836675,
        0.058899725332265736,
        0.026648173834734362,
        -0.02893802309882971,
        -0.008675398966638215
      ],
      [
        0.03354845380330167,
        0.06765848399992433,
        -0.11216774177404386,
        0.0770243542824375,
        0.05834766482783659,
        0.15382744654302366,
        0.001279926623324161,
        0.11422346906330232,
        -0.027944792654404964,
        0.03409121773334097
      ],
      [
        -0.0750132576578159,
        -0.07002834558296618,
        0.1366075146991534,
        -0.03620182288469556,
        0.058899725332266055,
        0.001279926623324161,
        0.1426486729969027,
        -0.14312857754862873,
        -0.08805622208348605,
        -0.1030809356715608
      ],
      [
        0.26678557730981756,
        0.27333923677423366,
        -0.34856665936384584,
        0.014681537982347148,
        0.026648173834734362,
        0.11422346906330232,
        -0.14312857754862873,
        0.4613131924405961,
        0.22686530953994255,
        0.33272349340998786
      ],
      [
        0.10953935963854627,
        0.055083388788134804,
        -0.20213590882236743,
        -0.19757394963259486,
        -0.02893802309882971,
        -0.027944792654404964,
        -0.08805622208348605,
        0.22686530953994255,
        0.31404508210492893,
        0.1511003953984609
      ],
      [
        0.29356308042837115,
        0.2538886640454329,
        -0.18291092234102893,
        0.01634364354028501,
        -0.008675398966638215,
        0.03409121773334097,
        -0.1030809356715608,
        0.33272349340998786,
        0.1511003953984609,
        0.5422414473479003
      ]
    ],
    [
      [
        0.9397667020103747,
        0.643129242284675,
        -0.2589626705161118,
        -0.0959597580500501,
        -0.4148890060261085,
        -0.09131753376477515,
        0.05860575256305935,
        0.4026949431288625,
        -0.005910997313678393,
        0.5225653103996526
      ],
      [
        0.6431292422846749,
        0.49113850169024836,
        -0.13732767944360377,
        0.00808517982336215,
        -0.2938488880196838,
        -0.08347801808744021,
        0.04226696472832982,
        0.3049998449883221,
        -0.03431116757529322,
        0.38386378604948074
      ],
      [
        -0.2589626705161118,
        -0.13732767944360377,
        0.3522773908667486,
        0.42110486576433653,
        0.2598526596524116,
        0.012213271342611806,
        0.08502986593350682,
        -0.23725240555818433,
        -0.09345760602987174,
        -0.04014436320664054
      ],
      [
        -0.0959597580500501,
        0.00808517982336215,
        0.42110486576433653,
        0.6452454852415018,
        0.25961518834712843,
        0.05102781046906018,
        0.1532849919721347,
        -0.21407653289202536,
        -0.15575576060874774,
        0.10733025006486137
      ],
      [
        -0.4148890060261085,
        -0.2938488880196838,
        0.2598526596524116,
        0.25961518834712843,
        0.4797772608483905,
        0.259334604799641,
        0.13611860643344162,
        -0.24320269792279686,
        -0.016554665939809653,
        -0.20939155940998536
      ],
      [
        -0.09131753376477515,
        -0.08347801808744021,
        0.012213271342611806,
        0.05102781046906018,
        0.259334604799641,
        0.30956466859261567,
        0.11735068826282544,
        -0.031837962833197495,
        0.029415020297450235,
        -0.09234776507764504
      ],
      [
        0.05860575256305935,
        0.04226696472832982,
        0.08502986593350682,
        0.1532849919721347,
        0.13611860643344162,
        0.11735068826282544,
        0.12063400774672821,
        -0.030483159941607024,
        -0.0199042800712383,
        0.07050112150678237
      ],
      [
        0.4026949431288625,
        0.3049998449883221,
        -0.23725240555818433,
        -0.21407653289202536,
        -0.24320269792279686,
        -0.031837962833197495,
        -0.030483159941607024,
        0.3446045976510884,
        0.029202430100909744,
        0.18266051296695335
      ],
      [
        -0.005910997313678393,
        -0.03431116757529322,
        -0.09345760602987174,
        -0.15575576060874774,
        -0.016554665939809653,
        0.029415020297450235,
        -0.0199042800712383,
        0.029202430100909744,
        0.08536019255642895,
        -0.05644927098393541
      ],
      [
        0.5225653103996526,
        0.38386378604948074,
        -0.04014436320664054,
        0.10733025006486137,
        -0.20939155940998536,
        -0.09234776507764504,
        0.07050112150678237,
        0.18266051296695335,
        -0.05644927098393541,
        0.5083600747525177
      ]
    ],
    [
      [
        0.9544494163079511,
        1.1792910896913122,
        -0.20466589056361922,
        -0.10033224792148349,
        -0.37920764404229185,
        -0.03111564282817923,
        0.0778801475268773,
        1.2529906586650277,
        0.8945834534348951,
        0.6686659219137825
      ],
      [
        1.1792910896913122,
        1.500228233161703,
        -0.25943652877026396,
        -0.13120764336602223,
        -0.47683429350141177,
        -0.032453687334763635,
        0.10040763632375525,
        1.6151366270920287,
        1.0735811369592674,
        0.8441493779981242
      ],
      [
        -0.20466589056361922,
        -0.25943652877026396,
        0.09531430961410736,
        0.06399580182280429,
        0.12808499306021587,
        0.006128143340188139,
        0.026301714917577955,
        -0.30445260820641595,
        -0.14702296608559196,
        -0.1558503099526412
      ],
      [
        -0.10033224792148349,
        -0.13120764336602223,
        0.06399580182280429,
        0.04819317597164782,
        0.08055388280948249,
        0.00485463613421908,
        0.03673105649598643,
        -0.16885601958592986,
        -0.06396573469755858,
        -0.08301952323669184
      ],
      [
        -0.37920764404229185,
        -0.47683429350141177,
        0.12808499306021587,
        0.08055388280948249,
        0.19956484932710195,
        0.018048078045473665,
        0.018752664741994263,
        -0.5383684624714137,
        -0.34604981492697967,
        -0.2649399222296388
      ],
      [
        -0.03111564282817923,
        -0.032453687334763635,
        0.006128143340188139,
        0.00485463613421908,
        0.018048078045473665,
        0.016969869673348164,
        0.027043747547635822,
        -0.01565623976790878,
        -0.09158268211172638,
        0.00930765483097243
      ],
      [
        0.0778801475268773,
        0.10040763632375525,
        0.026301714917577955,
        0.03673105649598643,
        0.018752664741994263,
        0.027043747547635822,
        0.13631784944690487,
        0.1063378031506601,
        0.003229744237541151,
        0.07567519165812893
      ],
      [
        1.2529906586650277,
        1.6151366270920287,
        -0.30445260820641595,
        -0.16885601958592986,
        -0.5383684624714137,
        -0.01565623976790878,
        0.1063378031506601,
        1.84421061211137,
        1.0742733341083328,
        0.9482094254899748
      ],
      [
        0.8945834534348951,
        1.0735811369592674,
        -0.14702296608559196,
        -0.06396573469755858,
        -0.34604981492697967,
        -0.09158268211172638,
        0.003229744237541151,
        1.0742733341083328,
        1.1841299643318686,
        0.4828489161506594
      ],
      [
        0.6686659219137825,
        0.8441493779981242,
        -0.1558503099526412,
        -0.08301952323669169,
        -0.2649399222296388,
        0.00930765483097243,
        0.07567519165812893,
        0.9482094254899748,
        0.4828489161506594,
        0.6135489626242018
      ]
    ],
    [
      [
        0.4279702411086899,
        0.42880725537652414,
        -0.18278740961821668,
        -0.01656066189022205,
        0.02394046776302023,
        -0.032167205192257985,
        -0.047862614734810856,
        0.44395293238180533,
        0.17660971658258465,
        0.17967177823929822
      ],
      [
        0.42880725537652414,
        0.4893928140479408,
        -0.220033491262757,
        -0.061522712009484004,
        0.023892330042143667,
        -0.008315333322701247,
        -0.010274597390885652,
        0.4365296970395958,
        0.13624725732051723,
        0.19568951490745864
      ],
      [
        -0.18278740961821668,
        -0.220033491262757,
        0.32031369770326434,
        0.17613716716948125,
        -0.06574132116025708,
        -0.21440952399030286,
        -0.04431531316120378,
        -0.22129926181885548,
        0.05445161902950932,
        -0.1737558517613955
      ],
      [
        -0.01656066189022205,
        -0.061522712009484004,
        0.17613716716948125,
        0.4673449056955632,
        0.001495271791611259,
        -0.05321493786281662,
        -0.08094937407738348,
        -0.007934581002847156,
        0.009854355630143353,
        0.0686148083772341
      ],
      [
        0.02394046776302023,
        0.023892330042143667,
        -0.06574132116025708,
        0.001495271791611259,
        0.1252330196856715,
        0.11018987723290102,
        0.11415161601723033,
        0.03902811993553144,
        -0.008401771322725841,
        0.0018243969689525135
      ],
      [
        -0.032167205192257985,
        -0.008315333322701247,
        -0.21440952399030286,
        -0.05321493786281662,
        0.11018987723290102,
        0.36057082504364746,
        0.12171154443952972,
        -0.0007331094117877275,
        -0.24402772920437688,
        0.2766569413082095
      ],
      [
        -0.047862614734810856,
        -0.010274597390885652,
        -0.04431531316120378,
        -0.08094937407738348,
        0.11415161601723033,
        0.12171154443952972,
        0.19940023296048962,
        -0.07303795846291114,
        -0.08295896626947319,
        0.07627771727570255
      ],
      [
        0.44395293238180533,
        0.4365296970395958,
        -0.22129926181885548,
        -0.007934581002847156,
        0.03902811993553144,
        -0.0007331094117877275,
        -0.07303795846291114,
        0.5088009720300879,
        0.2008443717965999,
        0.15781499035728977
      ],
      [
        0.17660971658258465,
        0.13624725732051723,
        0.05445161902950932,
        0.009854355630143353,
        -0.008401771322725841,
        -0.24402772920437688,
        -0.08295896626947319,
        0.2008443717965999,
        0.31254278358398097,
        -0.2349662584474427
      ],
      [
        0.17967177823929822,
        0.19568951490745867,
        -0.1737558517613955,
        0.0686148083772341,
        0.0018243969689525135,
        0.2766569413082095,
        0.07627771727570253,
        0.15781499035728977,
        -0.2349662584474427,
        0.9424138895990869
      ]
    ],
    [
      [
        0.06291140740557032,
        0.07863909710950102,
        -0.17024829818331244,
        -0.04565382142633741,
        -0.01008477593260616,
        0.07212485757981174,
        -0.004160125690969859,
        0.1090086954052202,
        -0.005171121762115334,
        0.11429065431908195
      ],
      [
        0.07863909710950102,
        0.15611971993259985,
        -0.2949688332224906,
        0.0458160596696822,
        0.08925903281169437,
        0.20459765844751707,
        0.08658719063473744,
        0.20587901042261855,
        -0.05216059840489555,
        0.12342672860661741
      ],
      [
        -0.17024829818331244,
        -0.2949688332224906,
        0.8492344933347359,
        0.09557037315284334,
        -0.04860729341781363,
        -0.4328018933036464,
        -0.09649951305689031,
        -0.48456987927580575,
        0.16666482122951531,
        -0.2935747444389462
      ],
      [
        -0.04565382142633741,
        0.0458160596696822,
        0.09557037315284334,
        0.32572603174487363,
        0.2628916360934253,
        0.14746603671242894,
        0.22049002219337188,
        0.004629551092327737,
        -0.040383650677565434,
        -0.14420679835806088
      ],
      [
        -0.01008477593260616,
        0.08925903281169437,
        -0.04860729341781363,
        0.2628916360934253,
        0.23871172522849032,
        0.20080178392165965,
        0.2081061123060542,
        0.08175740761646987,
        -0.06318759126525425,
        -0.06387895788405612
      ],
      [
        0.07212485757981174,
        0.20459765844751707,
        -0.4328018933036464,
        0.14746603671242894,
        0.20080178392165965,
        0.3604987891075666,
        0.2050477737818691,
        0.30338972526818203,
        -0.14254470889053333,
        0.10841046374189357
      ],
      [
        -0.004160125690969859,
        0.08658719063473744,
        -0.09649951305689031,
        0.22049002219337188,
        0.2081061123060542,
        0.2050477737818691,
        0.20358456400591574,
        0.10336090304086572,
        -0.0813758159908581,
        -0.03203370358151385
      ],
      [
        0.1090086954052202,
        0.20587901042261855,
        -0.48456987927580575,
        0.004629551092327737,
        0.08175740761646987,
        0.30338972526818203,
        0.10336090304086572,
        0.34610934294925133,
        -0.12489558751171684,
        0.20947721818860449
      ],
      [
        -0.005171121762115334,
        -0.05216059840489555,
        0.16666482122951531,
        -0.040383650677565434,
        -0.06318759126525425,
        -0.14254470889053333,
        -0.0813758159908581,
        -0.12489558751171687,
        0.12029133801842494,
        -0.024114015291293055
      ],
      [
        0.11429065431908195,
        0.12342672860661741,
        -0.2935747444389462,
        -0.14420679835806088,
        -0.06387895788405612,
        0.10841046374189357,
        -0.03203370358151385,
        0.20947721818860449,
        -0.024114015291293055,
        0.3124149164537017
      ]
    ]
  ],
  "state_labels": [
    "Early Stress",
    "Bull",
    "Late Cycle",
    "Crisis",
    "Stress",
    "Neutral"
  ],
  "aic": 6476.14,
  "bic": 9067.91,
  "feature_names": [
    "BAMLH0A0HYM2",
    "BAMLC0A0CM",
    "T10Y2Y",
    "T10Y3M",
    "DGS10",
    "DGS2",
    "DFII10",
    "NFCI",
    "ICSA",
    "VIX"
  ],
  "ll_baseline_mean": -0.768179,
  "ll_baseline_std": 3.408394
}