{
  "n_states": 6,
  "trained_at": "2026-04-26T03:16:18.078328+00:00",
  "training_start": "2012-04-11",
  "training_end": "2026-04-24",
  "transmat": [
    [
      0.984251968503937,
      0.0026246719160104987,
      0.0026246719160104987,
      0.0026246719160104987,
      0.005249343832020997,
      0.0026246719160104987
    ],
    [
      0.001336898395721925,
      0.9919786096256684,
      0.001336898395721925,
      0.001336898395721925,
      0.00267379679144385,
      0.001336898395721925
    ],
    [
      0.011494252873563218,
      0.005747126436781609,
      0.9655172413793104,
      0.005747126436781609,
      0.005747126436781609,
      0.005747126436781609
    ],
    [
      0.0008496176720475786,
      0.0016992353440951572,
      0.0008496176720475786,
      0.994052676295667,
      0.0008496176720475786,
      0.0016992353440951572
    ],
    [
      0.0015503875968992248,
      0.0015503875968992248,
      0.0015503875968992248,
      0.004651162790697674,
      0.9891472868217054,
      0.0015503875968992248
    ],
    [
      0.0017452006980802793,
      0.0034904013961605585,
      0.0034904013961605585,
      0.0017452006980802793,
      0.0017452006980802793,
      0.987783595113438
    ]
  ],
  "means": [
    [
      -0.5657173687699124,
      -0.23784313757195455,
      1.0694229489334695,
      0.8733681405612457,
      -0.7579944952629564,
      -1.1059323367468827,
      -1.6747540174977105,
      -0.6116797237014998,
      -0.021429891585164788,
      0.39758769561582846
    ],
    [
      -1.1420845627875915,
      -0.5315839321006024,
      0.6707457512269556,
      0.48204292111287556,
      0.9401412008892136,
      0.6957918276758477,
      0.9780752268092524,
      -0.8186083513275015,
      -0.9123323005027294,
      -0.4233603188916918
    ],
    [
      1.1348429768281616,
      0.858504663911227,
      -0.4018545951240949,
      -0.6932642201365452,
      -2.553409497443498,
      -1.7169563504993033,
      -2.770202403682015,
      1.2155407831406366,
      1.4611970758828772,
      1.8429448145113694
    ],
    [
      -1.0787506297194491,
      -1.6002398767055324,
      -1.4264491462255682,
      -1.5462362072604088,
      1.2968138115345427,
      2.1188437290789386,
      1.3873233650702654,
      0.4304061341524175,
      -0.9095126386179937,
      -0.3804085742202689
    ],
    [
      0.08473150138968394,
      -0.2975262586119734,
      -1.2267063326251344,
      -0.4333833519236072,
      -0.34668387209708906,
      1.9004556377770954,
      0.48666587570703224,
      0.5408340857958324,
      -1.4341797101069256,
      -0.047628491328121594
    ],
    [
      -0.33650454199789787,
      -0.3811920952349683,
      -1.1026551613732025,
      -1.371268338285871,
      -0.7251450055632067,
      0.018170718897381935,
      -1.001221791275047,
      -0.8121452064834298,
      -1.097320625644,
      -0.4588933720628192
    ]
  ],
  "covars": [
    [
      [
        0.18897483247495805,
        0.15221146682891798,
        -0.1506017988683128,
        -0.129712754104988,
        -0.09384484589431512,
        -0.0215680636112746,
        -0.07966227763758173,
        0.07596739812300048,
        0.08783068389678438,
        0.17800909232357032
      ],
      [
        0.15221146682891798,
        0.16136463571329546,
        -0.06219576057057731,
        -0.056713892362346516,
        -0.034567076009543965,
        -0.006296682813610384,
        -0.03151900440789848,
        0.04142542712625893,
        0.06413422353390183,
        0.1409898046863555
      ],
      [
        -0.1506017988683128,
        -0.06219576057057731,
        0.7150450248348439,
        0.09094016077897538,
        -0.0054961768740687065,
        -0.30436766974494006,
        -0.05430294015645708,
        -0.37191614402558176,
        0.06930309889304515,
        -0.23438594220444256
      ],
      [
        -0.129712754104988,
        -0.056713892362346516,
        0.09094016077897538,
        0.2948048987520017,
        0.26427824621110807,
        0.19318080980548996,
        0.22816591408922973,
        0.03871790126204331,
        -0.13357497018371642,
        -0.10045653152474701
      ],
      [
        -0.09384484589431512,
        -0.034567076009543965,
        -0.0054961768740687065,
        0.26427824621110807,
        0.25145730514895315,
        0.22177066450836902,
        0.22072989737550971,
        0.08117147420670374,
        -0.13028509124813617,
        -0.059480258062349266
      ],
      [
        -0.0215680636112746,
        -0.006296682813610384,
        -0.30436766974494006,
        0.19318080980548996,
        0.22177066450836902,
        0.32143562127455194,
        0.2162305085367679,
        0.2277904533445564,
        -0.1440869620546984,
        0.04538637233898785
      ],
      [
        -0.07966227763758173,
        -0.03151900440789848,
        -0.05430294015645708,
        0.22816591408922973,
        0.22072989737550971,
        0.2162305085367679,
        0.21351132035248957,
        0.09546320261372382,
        -0.12574485103055755,
        -0.03853636833573723
      ],
      [
        0.07596739812300048,
        0.04142542712625893,
        -0.37191614402558176,
        0.03871790126204331,
        0.08117147420670374,
        0.2277904533445564,
        0.09546320261372382,
        0.24840343512136986,
        -0.06376613626840699,
        0.14047865874944895
      ],
      [
        0.08783068389678438,
        0.06413422353390183,
        0.06930309889304515,
        -0.13357497018371642,
        -0.13028509124813617,
        -0.1440869620546984,
        -0.12574485103055755,
        -0.06376613626840699,
        0.11349408101064216,
        0.0628829851328349
      ],
      [
        0.17800909232357023,
        0.1409898046863555,
        -0.23438594220444256,
        -0.10045653152474701,
        -0.059480258062349266,
        0.04538637233898785,
        -0.03853636833573723,
        0.14047865874944895,
        0.0628829851328349,
        0.25103995917650923
      ]
    ],
    [
      [
        0.4297542290611509,
        0.6455513742254115,
        -0.06629328981908848,
        -0.20042642820420967,
        -0.06584394874202185,
        -0.23313827535597045,
        -0.059528888355076,
        0.1792827016252088,
        0.2660716415310847,
        0.24352934284363023
      ],
      [
        0.6455513742254115,
        1.1396569745962213,
        -0.04575071798658097,
        -0.23951132152062088,
        -0.126641727374831,
        -0.4409674377711755,
        -0.11960454701852845,
        0.19352780674506584,
        0.3792862251026993,
        0.3254623534357734
      ],
      [
        -0.06629328981908848,
        -0.04575071798658097,
        0.2337460683863089,
        0.2386749241190601,
        0.07071239284877508,
        -0.06578323785126762,
        0.07524674586275193,
        -0.12265470488880245,
        -0.11496359638359832,
        -0.040402183255046034
      ],
      [
        -0.20042642820420967,
        -0.23951132152062088,
        0.2386749241190601,
        0.3271888482270242,
        0.06259893075799451,
        0.0538384374486002,
        0.07024649956866022,
        -0.18864975402196163,
        -0.2474461808709381,
        -0.10880142747272373
      ],
      [
        -0.06584394874202185,
        -0.126641727374831,
        0.07071239284877508,
        0.06259893075799451,
        0.10466670684814641,
        0.005722611094419614,
        0.1040313448113511,
        -0.009272512994590454,
        -0.01216201959809953,
        -0.02211523250543851
      ],
      [
        -0.23313827535597045,
        -0.4409674377711755,
        -0.06578323785126762,
        0.0538384374486002,
        0.005722611094419614,
        0.3205004797237477,
        0.002046805638348452,
        -0.03905851779684423,
        -0.1954919247419339,
        -0.10536741934128256
      ],
      [
        -0.059528888355076,
        -0.11960454701852845,
        0.07524674586275193,
        0.07024649956866022,
        0.1040313448113511,
        0.002046805638348452,
        0.11300610862499283,
        -0.013479838302754604,
        -0.023119940270817832,
        -0.01902337425785891
      ],
      [
        0.1792827016252088,
        0.19352780674506584,
        -0.12265470488880245,
        -0.18864975402196163,
        -0.009272512994590454,
        -0.03905851779684423,
        -0.013479838302754604,
        0.1628892930723635,
        0.1717074756467555,
        0.1625167378411891
      ],
      [
        0.2660716415310847,
        0.3792862251026993,
        -0.11496359638359832,
        -0.2474461808709381,
        -0.01216201959809953,
        -0.1954919247419339,
        -0.023119940270817832,
        0.1717074756467555,
        0.35335131014740284,
        0.14705692853051724
      ],
      [
        0.24352934284363023,
        0.3254623534357734,
        -0.040402183255046034,
        -0.10880142747272373,
        -0.02211523250543851,
        -0.10536741934128256,
        -0.01902337425785891,
        0.1625167378411891,
        0.14705692853051724,
        0.43983767389656064
      ]
    ],
    [
      [
        0.6746243316649467,
        0.4558979778901023,
        -0.02325555980234123,
        0.05279058671491318,
        -0.2132015214680152,
        -0.06904008397447665,
        0.1457181021883149,
        0.891447900578618,
        0.8222230891341905,
        0.42681074248601825
      ],
      [
        0.4558979778901023,
        0.4080724490800796,
        -0.010392068936881183,
        0.048804964057191286,
        -0.12349469498987699,
        -0.02335872777875567,
        0.17749031521275327,
        0.5676367056076469,
        0.44096512855955633,
        0.28887318834385955
      ],
      [
        -0.02325555980234123,
        -0.010392068936881183,
        0.0592361446300763,
        0.050053404607309976,
        0.04526959945852416,
        -0.04071480382592388,
        -0.020208903040679304,
        -0.18294001456538408,
        0.03002937781209523,
        -0.13780432125530803
      ],
      [
        0.05279058671491318,
        0.048804964057191286,
        0.050053404607309976,
        0.053836558234549754,
        0.015758855584836324,
        -0.045646083712009,
        0.003846313257873385,
        -0.07363824712053797,
        0.10930906358351644,
        -0.08277439320651342
      ],
      [
        -0.2132015214680152,
        -0.12349469498987699,
        0.04526959945852416,
        0.015758855584836324,
        0.11506404763074088,
        0.014675062225748176,
        -0.03278538669084831,
        -0.4161767423421692,
        -0.27236607484873615,
        -0.20088033396960847
      ],
      [
        -0.06904008397447665,
        -0.02335872777875567,
        -0.04071480382592388,
        -0.045646083712009,
        0.014675062225748176,
        0.06361728883323961,
        0.029624335665140587,
        0.009963866198337645,
        -0.1935214814398504,
        0.07386632642790243
      ],
      [
        0.1457181021883149,
        0.17749031521275327,
        -0.020208903040679304,
        0.003846313257873385,
        -0.03278538669084831,
        0.029624335665140587,
        0.13164519774593658,
        0.22182555446008653,
        0.06321776246562912,
        0.14205923812066962
      ],
      [
        0.891447900578618,
        0.5676367056076469,
        -0.18294001456538408,
        -0.07363824712053797,
        -0.4161767423421692,
        0.009963866198337645,
        0.22182555446008653,
        1.783470592394258,
        0.9768311173624857,
        0.9335217111226941
      ],
      [
        0.8222230891341905,
        0.44096512855955633,
        0.03002937781209523,
        0.10930906358351644,
        -0.27236607484873615,
        -0.1935214814398504,
        0.06321776246562912,
        0.9768311173624857,
        1.447765020954926,
        0.3225206093555564
      ],
      [
        0.42681074248601825,
        0.28887318834385955,
        -0.13780432125530803,
        -0.08277439320651342,
        -0.20088033396960847,
        0.07386632642790243,
        0.14205923812066962,
        0.9335217111226941,
        0.3225206093555564,
        0.6500304443882153
      ]
    ],
    [
      [
        0.3957670372783782,
        0.3293102455577878,
        -0.13758083990669379,
        -0.09712615480119713,
        0.1335593316612416,
        -0.12260998520497524,
        0.12276364156911442,
        0.33816996241291036,
        0.15421594424026144,
        0.26743858044396585
      ],
      [
        0.3293102455577878,
        0.44321519414911603,
        0.047403346707331644,
        0.020676974235010054,
        0.05303662538430002,
        -0.26414266531420744,
        0.04176898043276208,
        0.24701678478732883,
        0.19562642695280583,
        0.09676134148622414
      ],
      [
        -0.13758083990669379,
        0.047403346707331644,
        0.2738125078984087,
        0.1891933823598872,
        -0.09526773581488861,
        -0.11908286536415319,
        -0.08296383105275001,
        -0.1642139947572267,
        -0.011076023269987939,
        -0.1882771452344114
      ],
      [
        -0.09712615480119713,
        0.020676974235010054,
        0.1891933823598872,
        0.37716482855085215,
        -0.06283737892634193,
        0.05001622190655939,
        -0.11811032134025028,
        -0.05443958224757872,
        -0.09702256561751338,
        -0.08765847099886004
      ],
      [
        0.1335593316612416,
        0.05303662538430002,
        -0.09526773581488861,
        -0.06283737892634193,
        0.4073570969006801,
        -0.032872261466263875,
        0.3754562151634551,
        0.14338745869155328,
        0.11249479380315913,
        0.27299322290401096
      ],
      [
        -0.12260998520497524,
        -0.26414266531420744,
        -0.11908286536415319,
        0.05001622190655939,
        -0.032872261466263875,
        0.34769978722349837,
        -0.04070209169800127,
        -0.04392810297067435,
        -0.250638248824646,
        0.08221696161899605
      ],
      [
        0.12276364156911442,
        0.04176898043276208,
        -0.08296383105275001,
        -0.11811032134025028,
        0.3754562151634551,
        -0.04070209169800127,
        0.42334201480174005,
        0.06806280782631537,
        0.07045917166865442,
        0.33670720337981136
      ],
      [
        0.33816996241291036,
        0.24701678478732883,
        -0.1642139947572267,
        -0.05443958224757872,
        0.14338745869155328,
        -0.04392810297067435,
        0.06806280782631537,
        0.4199557829493253,
        0.1735993028945316,
        0.20006749491862297
      ],
      [
        0.15421594424026144,
        0.19562642695280583,
        -0.011076023269987939,
        -0.09702256561751338,
        0.11249479380315913,
        -0.250638248824646,
        0.07045917166865442,
        0.1735993028945316,
        0.3243097707338249,
        -0.06485308759665556
      ],
      [
        0.26743858044396585,
        0.09676134148622414,
        -0.1882771452344114,
        -0.08765847099886004,
        0.27299322290401096,
        0.08221696161899605,
        0.33670720337981136,
        0.20006749491862297,
        -0.06485308759665556,
        0.9625352982377872
      ]
    ],
    [
      [
        0.751832991923825,
        0.6813714360468048,
        -0.16157978773965695,
        -0.18685205911272604,
        -0.06577436949385235,
        0.1304810687916377,
        0.17506241778412762,
        0.23401839206587619,
        0.025529331989344227,
        0.25914450846305864
      ],
      [
        0.6813714360468048,
        0.874745111791446,
        -0.2154264480179893,
        -0.3617724695351404,
        -0.21257513058651237,
        -0.03997286629286795,
        0.04661716178497312,
        0.2977367857884758,
        0.03605225471331143,
        0.2029173739988926
      ],
      [
        -0.16157978773965695,
        -0.2154264480179893,
        0.29451025932468666,
        0.43506106812307516,
        0.3204459481569357,
        0.06413763341534223,
        0.1139010726804244,
        -0.19141641588728694,
        -0.03106414136060354,
        0.01988528826545079
      ],
      [
        -0.18685205911272604,
        -0.3617724695351404,
        0.43506106812307516,
        1.1210088000601013,
        0.8206131184301955,
        0.057087512603571575,
        0.13481522213580102,
        -0.0543101711388538,
        0.20477701289007127,
        0.2651830760825242
      ],
      [
        -0.06577436949385235,
        -0.21257513058651237,
        0.3204459481569357,
        0.8206131184301955,
        0.6531424656450042,
        0.09091329374920702,
        0.15376214189065956,
        0.0044001774944157305,
        0.16133152589510527,
        0.23223710131356226
      ],
      [
        0.1304810687916377,
        -0.03997286629286795,
        0.06413763341534223,
        0.057087512603571575,
        0.09091329374920702,
        0.3359987020350567,
        0.19310046215984183,
        -0.12269144266928146,
        -0.08055691445189077,
        -0.007596074638637313
      ],
      [
        0.17506241778412762,
        0.04661716178497312,
        0.1139010726804244,
        0.13481522213580102,
        0.15376214189065956,
        0.19310046215984183,
        0.20469279560192036,
        -0.0746562264529679,
        -0.05272086847382065,
        0.0974352104206831
      ],
      [
        0.23401839206587619,
        0.2977367857884758,
        -0.19141641588728694,
        -0.0543101711388538,
        0.0044001774944157305,
        -0.12269144266928146,
        -0.0746562264529679,
        0.3684592571596076,
        0.18572217127344393,
        0.19267259687653435
      ],
      [
        0.025529331989344227,
        0.03605225471331143,
        -0.03106414136060354,
        0.20477701289007127,
        0.16133152589510527,
        -0.08055691445189077,
        -0.05272086847382065,
        0.18572217127344393,
        0.1788565833300274,
        0.1350317069422032
      ],
      [
        0.25914450846305864,
        0.2029173739988926,
        0.01988528826545079,
        0.2651830760825242,
        0.23223710131356226,
        -0.007596074638637313,
        0.0974352104206831,
        0.19267259687653435,
        0.1350317069422032,
        0.46952786270716473
      ]
    ],
    [
      [
        0.4454606830145868,
        0.10064988027527416,
        -0.14218348615515383,
        -0.11155251165157169,
        -0.1190162778502981,
        -0.031709394564530875,
        -0.08418101942741114,
        0.2661897064183205,
        0.06467095041945042,
        0.031728467618460945
      ],
      [
        0.10064988027527416,
        0.5366607135742676,
        0.12105733726050891,
        0.20596742545225089,
        -0.05654862445951278,
        -0.1972293972878857,
        -0.05674980682884536,
        0.0039326539200025485,
        -0.05622170047225227,
        -0.05629030061522417
      ],
      [
        -0.14218348615515383,
        0.12105733726050891,
        0.22122020620416302,
        0.3140587106631007,
        0.047473445518067384,
        -0.18381190835926906,
        -0.03255855557833445,
        -0.1753656486803037,
        -0.010813930787216356,
        -0.18087670384337728
      ],
      [
        -0.11155251165157169,
        0.20596742545225089,
        0.3140587106631007,
        0.5394061221943264,
        -0.028115400857081835,
        -0.36980342975748465,
        -0.16686017060405275,
        -0.19252367689690764,
        0.05782621550136531,
        -0.3152522290750238
      ],
      [
        -0.1190162778502981,
        -0.05654862445951278,
        0.047473445518067384,
        -0.028115400857081835,
        0.4074365532246766,
        0.23528863382658105,
        0.44319177309421887,
        -0.12325084899182218,
        -0.09704263633617287,
        -0.06004176021116004
      ],
      [
        -0.031709394564530875,
        -0.19722939728788572,
        -0.18381190835926906,
        -0.36980342975748465,
        0.23528863382658105,
        0.40818622701290774,
        0.34864795432006385,
        0.06691909619052967,
        -0.08415110508536379,
        0.18997978979710056
      ],
      [
        -0.08418101942741114,
        -0.05674980682884536,
        -0.03255855557833445,
        -0.16686017060405275,
        0.44319177309421887,
        0.34864795432006385,
        0.5486189095534918,
        -0.06373230631048574,
        -0.12760491495134593,
        0.02469731441765326
      ],
      [
        0.2661897064183205,
        0.0039326539200025485,
        -0.1753656486803037,
        -0.19252367689690764,
        -0.12325084899182218,
        0.06691909619052967,
        -0.06373230631048574,
        0.25061857962429956,
        0.04368809309024424,
        0.12445608736072716
      ],
      [
        0.06467095041945042,
        -0.05622170047225227,
        -0.010813930787216356,
        0.05782621550136531,
        -0.09704263633617287,
        -0.08415110508536379,
        -0.12760491495134593,
        0.04368809309024424,
        0.25533705236395854,
        -0.043947934725452505
      ],
      [
        0.031728467618460945,
        -0.05629030061522417,
        -0.18087670384337728,
        -0.3152522290750238,
        -0.06004176021116004,
        0.18997978979710056,
        0.02469731441765326,
        0.12445608736072716,
        -0.043947934725452505,
        0.2879603524468575
      ]
    ]
  ],
  "state_labels": [
    "Early Stress",
    "Bull",
    "Crisis",
    "Neutral",
    "Late Cycle",
    "Stress"
  ],
  "aic": 14758.19,
  "bic": 17347.56,
  "feature_names": [
    "BAA10Y",
    "AAA10Y",
    "T10Y2Y",
    "T10Y3M",
    "DGS10",
    "DGS2",
    "DFII10",
    "NFCI",
    "ICSA",
    "VIX"
  ],
  "ll_baseline_mean": -1.898469,
  "ll_baseline_std": 3.565401,
  "lookback_years": 15,
  "ci_anchor": 6.461
}