{
  "n_states": 6,
  "trained_at": "2026-04-11T16:44:07.746975+00:00",
  "training_start": "2012-03-28",
  "training_end": "2026-04-10",
  "transmat": [
    [
      0.9965988759086722,
      0.001700562045574021,
      0.0,
      0.0,
      1.2915992277401074e-191,
      0.001700562045753669
    ],
    [
      1.8961752431336488e-228,
      0.9971719215822329,
      0.0014140321558471444,
      0.0,
      0.0014140462619198536,
      2.852778339179721e-181
    ],
    [
      0.0,
      3.861343138203407e-212,
      0.9989452963684861,
      0.0,
      0.0010547036315139585,
      0.0
    ],
    [
      0.0,
      0.0,
      0.0,
      0.9948758761210222,
      0.0,
      0.0051241238789777165
    ],
    [
      0.0011470795670966893,
      0.0011470855037653568,
      2.273192146962204e-265,
      0.0,
      0.997705834929138,
      0.0
    ],
    [
      0.0,
      0.0028433862119360185,
      0.0,
      0.0028433893739236373,
      0.0,
      0.9943132244141404
    ]
  ],
  "means": [
    [
      -0.6642009892225595,
      -0.7131371619069553,
      -1.0916231593578651,
      -1.349331287590104,
      -0.705273112707465,
      0.020907257899488607,
      -0.9732780100179989,
      -0.7591710753359281,
      -1.1267469781786135,
      -0.4570937991853994
    ],
    [
      -1.0433762970929286,
      -0.9903341081355277,
      0.5897540194950242,
      0.5552002333959958,
      0.974710708611074,
      0.5595690117591684,
      0.9517840125119306,
      -0.6401898592238265,
      -0.8080851860611928,
      -0.2975391462522209
    ],
    [
      -0.2921730067714944,
      -0.6585192486845619,
      -1.154946179373822,
      -0.8013832389567428,
      -0.16505443692617552,
      2.102073942230394,
      0.5074614826893332,
      0.21149417920888722,
      -1.5051055223701124,
      -0.563137031449629
    ],
    [
      1.0786567191095005,
      0.906356492663774,
      -0.25858429278203077,
      -0.5763852832375735,
      -2.417622040854995,
      -1.736396061700169,
      -2.707280362126664,
      0.9635998623738248,
      1.3760095473179543,
      1.6878813318632175
    ],
    [
      -0.35836042856825734,
      -0.2144996682811402,
      -1.485438459581198,
      -1.6066113745205124,
      1.6209104877219347,
      1.9544447702727794,
      1.6906658326936743,
      0.5845997203132289,
      -0.7459826435490071,
      -0.051400475877443313
    ],
    [
      -0.7327677098969047,
      -0.7813710253530743,
      1.077959641100799,
      0.9390299462267523,
      -0.6808961789644316,
      -1.0257745688646387,
      -1.615023311766154,
      -0.5746541297192712,
      -0.09219544869016155,
      0.37214014859703637
    ]
  ],
  "covars": [
    [
      [
        0.19838537242077792,
        0.1963917020489561,
        -0.16599880449865395,
        -0.19714184513487762,
        -0.08728638172731062,
        0.07766154482193852,
        -0.04627818513331004,
        0.20258917966331613,
        0.06551563808971128,
        0.12289100333098125
      ],
      [
        0.1963917020489561,
        0.26709278408264864,
        -0.16155893081429978,
        -0.20741645737676032,
        -0.007717364736084338,
        0.1084097572371795,
        0.06480399733700995,
        0.22126916842503008,
        0.0050491777570668825,
        0.11986066435375985
      ],
      [
        -0.16599880449865395,
        -0.16155893081429978,
        0.22605085909057693,
        0.32137915939730144,
        0.045920487985519926,
        -0.17898524914569286,
        -0.02526347953046339,
        -0.17969794887038115,
        -0.024043944956247208,
        -0.18112594760697442
      ],
      [
        -0.19714184513487762,
        -0.20741645737676032,
        0.32137915939730144,
        0.5509426501178379,
        -0.029039002167896906,
        -0.36741245664782723,
        -0.15924514309183394,
        -0.2002987857558434,
        0.03518076066847197,
        -0.3148542379998114
      ],
      [
        -0.08728638172731062,
        -0.007717364736084338,
        0.045920487985519926,
        -0.029039002167896906,
        0.4100826686517684,
        0.2459646217191765,
        0.4589220324605443,
        -0.11459704514929908,
        -0.09509938206361537,
        -0.05400107834217802
      ],
      [
        0.07766154482193852,
        0.1084097572371795,
        -0.17898524914569286,
        -0.36741245664782723,
        0.2459646217191765,
        0.41045441935996735,
        0.3638011401128039,
        0.07113012805866047,
        -0.07513156427224241,
        0.187225771174281
      ],
      [
        -0.04627818513331004,
        0.06480399733700995,
        -0.02526347953046339,
        -0.15924514309183394,
        0.4589220324605443,
        0.3638011401128039,
        0.5794842161584713,
        -0.060502699436873836,
        -0.12201718944493796,
        0.03018460959256876
      ],
      [
        0.20258917966331613,
        0.22126916842503008,
        -0.17969794887038115,
        -0.2002987857558434,
        -0.11459704514929908,
        0.07113012805866047,
        -0.060502699436873836,
        0.25794540720369663,
        0.047683402278964136,
        0.13008054839897867
      ],
      [
        0.06551563808971128,
        0.0050491777570668825,
        -0.024043944956247208,
        0.03518076066847197,
        -0.09509938206361537,
        -0.07513156427224242,
        -0.12201718944493796,
        0.047683402278964136,
        0.25431288708754535,
        -0.027426736576003804
      ],
      [
        0.12289100333098125,
        0.11986066435375985,
        -0.18112594760697442,
        -0.3148542379998114,
        -0.05400107834217802,
        0.187225771174281,
        0.03018460959256876,
        0.13008054839897867,
        -0.027426736576003804,
        0.2839096719070807
      ]
    ],
    [
      [
        0.21553211383204574,
        0.20774523060400876,
        -0.1545021316655674,
        0.033210539396523325,
        0.005388153205402556,
        0.035722628190215946,
        -0.07438188278635718,
        0.2665355112073054,
        0.1092076938142356,
        0.2933977345518808
      ],
      [
        0.20774523060400876,
        0.24703021759884952,
        -0.16118551122945785,
        0.13819672590919843,
        0.03543876718062741,
        0.06891463819980291,
        -0.06981394991227192,
        0.2732089692135539,
        0.054821825735824586,
        0.25378157307262306
      ],
      [
        -0.1545021316655674,
        -0.161185511229458,
        0.3546578504223837,
        0.05856655317469827,
        0.0015736029825615748,
        -0.11571410284521477,
        0.13479356234551595,
        -0.3473346629086257,
        -0.20076793370002052,
        -0.18207964694957007
      ],
      [
        0.033210539396523325,
        0.13819672590919843,
        0.05856655317469835,
        0.42948353869888156,
        0.05590700804895385,
        0.07338305892803161,
        -0.038313808554680695,
        0.016779976971843986,
        -0.19531129860600865,
        0.01775784859242621
      ],
      [
        0.005388153205402235,
        0.03543876718062773,
        0.0015736029825615748,
        0.05590700804895385,
        0.07432333055053288,
        0.05776210101807665,
        0.05766429663355835,
        0.028778678867282154,
        -0.026499415904668217,
        -0.007188577029037748
      ],
      [
        0.035722628190215946,
        0.06891463819980291,
        -0.11571410284521477,
        0.07338305892803153,
        0.05776210101807665,
        0.15123781308464102,
        -0.00037648143488720574,
        0.11837861840551216,
        -0.022706742528678076,
        0.0369856712016927
      ],
      [
        -0.07438188278635718,
        -0.06981394991227177,
        0.13479356234551595,
        -0.03831380855468062,
        0.05766429663355835,
        -0.00037648143488720574,
        0.1414945813210523,
        -0.14195263661248445,
        -0.08672336105092182,
        -0.10228374281882473
      ],
      [
        0.2665355112073054,
        0.2732089692135539,
        -0.3473346629086257,
        0.016779976971843986,
        0.028778678867282154,
        0.11837861840551216,
        -0.14195263661248445,
        0.4614623883176912,
        0.22705640235563174,
        0.3328688088394892
      ],
      [
        0.1092076938142356,
        0.054821825735824586,
        -0.20076793370002052,
        -0.19531129860600865,
        -0.026499415904668217,
        -0.022706742528678076,
        -0.08672336105092182,
        0.22705640235563174,
        0.3143386960078917,
        0.15130952378037035
      ],
      [
        0.2933977345518809,
        0.25378157307262306,
        -0.18207964694957007,
        0.01775784859242621,
        -0.007188577029037668,
        0.0369856712016927,
        -0.10228374281882464,
        0.3328688088394892,
        0.15130952378037035,
        0.5423920351292225
      ]
    ],
    [
      [
        0.9400350478895647,
        0.643296549680179,
        -0.2586377876513985,
        -0.09553124597071919,
        -0.4147246370130936,
        -0.08911011677303238,
        0.05852502127695622,
        0.4028228944904568,
        -0.005971486909477635,
        0.5227846743238355
      ],
      [
        0.643296549680179,
        0.4912380542318405,
        -0.13713839958522425,
        0.00828596074120554,
        -0.29375707093694586,
        -0.0823528877468489,
        0.04215336798751523,
        0.30509390732294756,
        -0.03435057295358245,
        0.38399262139904344
      ],
      [
        -0.2586377876513985,
        -0.13713839958522425,
        0.35149620439574075,
        0.4198848080679734,
        0.25891543406048606,
        0.0076555068162576494,
        0.08455952111593514,
        -0.23698651723048883,
        -0.09337248415469504,
        -0.04016995226202372
      ],
      [
        -0.09553124597071919,
        0.00828596074120554,
        0.4198848080679734,
        0.643111995940466,
        0.25824078335287476,
        0.04482218029415365,
        0.1523212451626274,
        -0.21349278974974017,
        -0.1555543452160036,
        0.10711192911610608
      ],
      [
        -0.4147246370130936,
        -0.29375707093694586,
        0.25891543406048606,
        0.25824078335287476,
        0.4790571969414234,
        0.2580171003045026,
        0.13576958955185495,
        -0.24267980052979876,
        -0.01631502170945567,
        -0.20960967619366694
      ],
      [
        -0.08911011677303238,
        -0.0823528877468489,
        0.0076555068162576494,
        0.04482218029415365,
        0.2580171003045026,
        0.3119400377397211,
        0.11666797465592639,
        -0.027618128145307022,
        0.03105552807556057,
        -0.09333444040202941
      ],
      [
        0.05852502127695622,
        0.04215336798751523,
        0.08455952111593514,
        0.1523212451626274,
        0.13576958955185495,
        0.11666797465592639,
        0.12020613667916273,
        -0.03016023124649313,
        -0.01973115276927372,
        0.07013415768377808
      ],
      [
        0.4028228944904568,
        0.30509390732294756,
        -0.23698651723048883,
        -0.21349278974974017,
        -0.24267980052979876,
        -0.027618128145307022,
        -0.03016023124649313,
        0.3447625476420845,
        0.029223436538068463,
        0.1828323614835013
      ],
      [
        -0.005971486909477635,
        -0.03435057295358245,
        -0.09337248415469504,
        -0.1555543452160036,
        -0.01631502170945567,
        0.03105552807556057,
        -0.01973115276927372,
        0.029223436538068463,
        0.08536918570594836,
        -0.056462266440453115
      ],
      [
        0.5227846743238355,
        0.38399262139904344,
        -0.04016995226202372,
        0.10711192911610608,
        -0.20960967619366694,
        -0.09333444040202941,
        0.07013415768377808,
        0.1828323614835013,
        -0.056462266440453115,
        0.5084778255763283
      ]
    ],
    [
      [
        0.954450269048294,
        1.1792920299470981,
        -0.2046666605428007,
        -0.1003328255367838,
        -0.3792083882921989,
        -0.031115814907014008,
        0.0778795644473879,
        1.2529914509529791,
        0.8945837999973624,
        0.6686668671616433
      ],
      [
        1.1792920299470981,
        1.5002292195612426,
        -0.25943741219982586,
        -0.1312083071516336,
        -0.47683513426053237,
        -0.03245389306623403,
        0.10040694369796285,
        1.6151374119185147,
        1.0735815189812146,
        0.8441504268749326
      ],
      [
        -0.2046666605428007,
        -0.25943741219982586,
        0.0953147421992808,
        0.06399610529183221,
        0.1280854725345796,
        0.00612824712641591,
        0.026301963265672565,
        -0.30445340645741437,
        -0.1470234864957844,
        -0.155851025489342
      ],
      [
        -0.1003328255367838,
        -0.1312083071516336,
        0.06399610529183221,
        0.04819338366230542,
        0.08055422513740727,
        0.004854707826752782,
        0.03673121128731715,
        -0.16885661784889366,
        -0.06396613495235001,
        -0.0830200465572777
      ],
      [
        -0.3792083882921989,
        -0.47683513426053237,
        0.1280854725345796,
        0.08055422513740727,
        0.19956534959334135,
        0.018048186660325878,
        0.01875296193487914,
        -0.5383691956196862,
        -0.3460502396266904,
        -0.2649406612212442
      ],
      [
        -0.031115814907014008,
        -0.03245389306623403,
        0.00612824712641591,
        0.004854707826752782,
        0.018048186660325878,
        0.01696987588111117,
        0.027043778167842918,
        -0.015656453535246407,
        -0.09158273078411411,
        0.009307464262369973
      ],
      [
        0.0778795644473879,
        0.10040694369796285,
        0.026301963265672565,
        0.03673121128731715,
        0.01875296193487914,
        0.027043778167842918,
        0.13631785814038824,
        0.10633712595798073,
        0.0032293940713220386,
        0.07567466406602381
      ],
      [
        1.2529914509529791,
        1.6151374119185147,
        -0.30445340645741437,
        -0.16885661784889366,
        -0.5383691956196862,
        -0.015656453535246407,
        0.10633712595798073,
        1.8442110860135492,
        1.074273663837573,
        0.948210304416839
      ],
      [
        0.8945837999973624,
        1.0735815189812146,
        -0.1470234864957844,
        -0.06396613495235001,
        -0.3460502396266904,
        -0.09158273078411411,
        0.0032293940713220386,
        1.074273663837573,
        1.184129639002339,
        0.4828495391844269
      ],
      [
        0.6686668671616433,
        0.8441504268749326,
        -0.155851025489342,
        -0.0830200465572777,
        -0.2649406612212442,
        0.009307464262369973,
        0.07567466406602381,
        0.948210304416839,
        0.4828495391844269,
        0.6135497930904841
      ]
    ],
    [
      [
        0.42798665229388955,
        0.4288323176432704,
        -0.1827614104618782,
        -0.016581203728397765,
        0.023929003479046855,
        -0.03222222278752397,
        -0.047860863609398924,
        0.44396302716319114,
        0.1766457839501965,
        0.1796682672978685
      ],
      [
        0.4288323176432704,
        0.489439513738478,
        -0.2200013548681174,
        -0.061541128456655096,
        0.023887256080201178,
        -0.008385945723990903,
        -0.01026120754416123,
        0.4365518401958224,
        0.13629410572782635,
        0.1956867384638975
      ],
      [
        -0.1827614104618782,
        -0.22000135486811745,
        0.32024020018505917,
        0.17606539435102367,
        -0.06570628978918933,
        -0.2143427216828066,
        -0.04426742532580733,
        -0.22127564444154124,
        0.054426198851901864,
        -0.17376563926984048
      ],
      [
        -0.016581203728397765,
        -0.061541128456655096,
        0.17606539435102367,
        0.4671683823786907,
        0.001504533667457104,
        -0.0531538139712572,
        -0.0808866936409191,
        -0.007986235614911328,
        0.009811265742964542,
        0.06857628274564435
      ],
      [
        0.023929003479046855,
        0.023887256080201112,
        -0.06570628978918933,
        0.001504533667457104,
        0.12520670775659842,
        0.11014618914498088,
        0.11413770051252081,
        0.03899810316555145,
        -0.008391392728140958,
        0.001832056560394513
      ],
      [
        -0.03222222278752397,
        -0.008385945723990903,
        -0.2143427216828066,
        -0.0531538139712572,
        0.11014618914498088,
        0.36053794758354457,
        0.12166071859432938,
        -0.0007969517674858684,
        -0.24403848861772803,
        0.2766764464157729
      ],
      [
        -0.047860863609398924,
        -0.01026120754416123,
        -0.04426742532580733,
        -0.0808866936409191,
        0.11413770051252081,
        0.12166071859432938,
        0.19938666893619744,
        -0.07304133792762807,
        -0.08293947367858553,
        0.07630492579931929
      ],
      [
        0.44396302716319114,
        0.4365518401958224,
        -0.22127564444154124,
        -0.007986235614911328,
        0.03899810316555145,
        -0.0007969517674858684,
        -0.07304133792762807,
        0.5087907245383667,
        0.20087680119911602,
        0.15781073924614447
      ],
      [
        0.1766457839501965,
        0.13629410572782635,
        0.054426198851901864,
        0.009811265742964542,
        -0.008391392728140958,
        -0.24403848861772803,
        -0.08293947367858553,
        0.20087680119911602,
        0.31256777499987204,
        -0.23498262251215737
      ],
      [
        0.1796682672978685,
        0.1956867384638975,
        -0.17376563926984048,
        0.06857628274564435,
        0.001832056560394513,
        0.2766764464157727,
        0.07630492579931929,
        0.15781073924614447,
        -0.23498262251215737,
        0.9424640041530636
      ]
    ],
    [
      [
        0.06291135268801934,
        0.07863657185289401,
        -0.1702418348133851,
        -0.04565765476610154,
        -0.010089562408161968,
        0.07211846784898807,
        -0.0041636169923549805,
        0.10900443214275293,
        -0.005170131579824144,
        0.11429290404797078
      ],
      [
        0.07863657185289401,
        0.1561073531011011,
        -0.294937790780612,
        0.04580362470156303,
        0.0892413749674578,
        0.204570611199583,
        0.08657440037009954,
        0.20585856228784888,
        -0.052156696508019657,
        0.12343041933917728
      ],
      [
        -0.1702418348133851,
        -0.294937790780612,
        0.8491620020084303,
        0.09560337337214386,
        -0.04856234483715215,
        -0.43273602152949253,
        -0.0964671022214233,
        -0.484520548626197,
        0.16665620438732862,
        -0.2935835302022961
      ],
      [
        -0.04565765476610154,
        0.04580362470156303,
        0.09560337337214386,
        0.325718958557113,
        0.2628783575530237,
        0.14744110509860642,
        0.22048053921727329,
        0.004608502294492241,
        -0.04037976751976772,
        -0.14420754235598604
      ],
      [
        -0.010089562408161968,
        0.0892413749674578,
        -0.04856234483715215,
        0.2628783575530237,
        0.2386904974292555,
        0.20076565736272145,
        0.2080908139714146,
        0.08172814352204161,
        -0.06318220427814332,
        -0.06387774146375794
      ],
      [
        0.07211846784898807,
        0.204570611199583,
        -0.43273602152949253,
        0.14744110509860642,
        0.20076565736272145,
        0.3604424026791579,
        0.2050218174510106,
        0.3033460882426434,
        -0.1425370923242361,
        0.10841571824328523
      ],
      [
        -0.0041636169923549805,
        0.08657440037009954,
        -0.0964671022214233,
        0.22048053921727329,
        0.2080908139714146,
        0.2050218174510106,
        0.20357397061452315,
        0.10333984636385839,
        -0.08137235557432208,
        -0.03203254824125487
      ],
      [
        0.10900443214275293,
        0.20585856228784888,
        -0.484520548626197,
        0.004608502294492241,
        0.08172814352204161,
        0.3033460882426434,
        0.10333984636385839,
        0.34607695490410134,
        -0.12488997681499436,
        0.20948331708256518
      ],
      [
        -0.005170131579824144,
        -0.05215669650801968,
        0.16665620438732862,
        -0.04037976751976772,
        -0.06318220427814332,
        -0.1425370923242361,
        -0.08137235557432208,
        -0.12488997681499436,
        0.12029158516821747,
        -0.024114976027639377
      ],
      [
        0.11429290404797078,
        0.12343041933917728,
        -0.2935835302022961,
        -0.14420754235598604,
        -0.06387774146375794,
        0.10841571824328523,
        -0.03203254824125487,
        0.20948331708256518,
        -0.024114976027639377,
        0.312419756669278
      ]
    ]
  ],
  "state_labels": [
    "Early Stress",
    "Bull",
    "Late Cycle",
    "Crisis",
    "Stress",
    "Neutral"
  ],
  "aic": 6371.54,
  "bic": 9009.11,
  "feature_names": [
    "BAMLH0A0HYM2",
    "BAMLC0A0CM",
    "T10Y2Y",
    "T10Y3M",
    "DGS10",
    "DGS2",
    "DFII10",
    "NFCI",
    "ICSA",
    "VIX"
  ],
  "ll_baseline_mean": -0.753691,
  "ll_baseline_std": 4.39709
}