{
  "n_states": 6,
  "trained_at": "2026-04-14T21:15:34.406302+00:00",
  "training_start": "2012-04-02",
  "training_end": "2026-04-10",
  "transmat": [
    [
      0.988155668358714,
      0.00338409475465313,
      0.001692047377326565,
      0.001692047377326565,
      0.001692047377326565,
      0.00338409475465313
    ],
    [
      0.001402524544179523,
      0.9901823281907434,
      0.002805049088359046,
      0.001402524544179523,
      0.002805049088359046,
      0.001402524544179523
    ],
    [
      0.0010482180293501049,
      0.0010482180293501049,
      0.9937106918238994,
      0.0010482180293501049,
      0.0020964360587002098,
      0.0010482180293501049
    ],
    [
      0.004975124378109453,
      0.004975124378109453,
      0.004975124378109453,
      0.9701492537313433,
      0.004975124378109453,
      0.009950248756218905
    ],
    [
      0.002277904328018223,
      0.002277904328018223,
      0.0011389521640091116,
      0.0011389521640091116,
      0.9920273348519362,
      0.0011389521640091116
    ],
    [
      0.002793296089385475,
      0.00558659217877095,
      0.002793296089385475,
      0.00558659217877095,
      0.002793296089385475,
      0.9804469273743017
    ]
  ],
  "means": [
    [
      -0.6754115745874874,
      -0.7230517141136587,
      -1.0918105290437945,
      -1.3529530824506417,
      -0.7060394648840762,
      0.02196552070395117,
      -0.9741219903630359,
      -0.7650777032819405,
      -1.1191608077611193,
      -0.45496596775735443
    ],
    [
      -1.0454794571287847,
      -0.9918654036647317,
      0.596997077081292,
      0.5660236216829774,
      0.9857021249092002,
      0.5824638797020869,
      0.9581539985094017,
      -0.640523261271242,
      -0.8075306632606163,
      -0.29740564462015995
    ],
    [
      -0.2928861927661846,
      -0.6588949911047928,
      -1.1540494125630132,
      -0.7982657008930989,
      -0.1616877456822581,
      2.1248370126243916,
      0.5107201498753173,
      0.21145052297817163,
      -1.5049753051433732,
      -0.5628398928766364
    ],
    [
      1.0786625522061906,
      0.9063633315806298,
      -0.2585874528368612,
      -0.5763874835453041,
      -2.417625677346624,
      -1.7363967213316496,
      -2.707282009503187,
      0.963606456223949,
      1.3760135434816672,
      1.6878865502871445
    ],
    [
      -0.3583629106820452,
      -0.2144490169988724,
      -1.4852068474214408,
      -1.6064234828625974,
      1.6207459770301984,
      1.9541346852078743,
      1.6905319540014054,
      0.5845248329051072,
      -0.7458814897142182,
      -0.051312225978226496
    ],
    [
      -0.7327557606693713,
      -0.7813279821302516,
      1.0778552999629885,
      0.9390655478434976,
      -0.6808432761858235,
      -1.0256885337754722,
      -1.6149841062785604,
      -0.5745857307054468,
      -0.09220788743584217,
      0.37213553630336965
    ]
  ],
  "covars": [
    [
      [
        0.20131397906051898,
        0.19826830673403406,
        -0.1714158754353004,
        -0.20635726745847754,
        -0.08927392898125583,
        0.08440499251786095,
        -0.04491439656597939,
        0.20434551179665444,
        0.06556597391448234,
        0.12733545742803612
      ],
      [
        0.19826830673403406,
        0.26861394169740577,
        -0.16616932252227926,
        -0.21560471519675264,
        -0.009234836730864178,
        0.11395367598206657,
        0.06666252128824196,
        0.22229720640218936,
        0.005064354738183161,
        0.12382158812276482
      ],
      [
        -0.1714158754353004,
        -0.16616932252227926,
        0.22889273920917907,
        0.3246468935481921,
        0.04791373680954338,
        -0.1811794887707059,
        -0.02460189909972116,
        -0.18305553865290203,
        -0.022193069134850155,
        -0.18119945875184168
      ],
      [
        -0.20635726745847754,
        -0.21560471519675264,
        0.3246468935481921,
        0.5536736702226529,
        -0.027034040743752426,
        -0.36900827684454285,
        -0.15840245616172816,
        -0.20603542862510688,
        0.03897507873948828,
        -0.3145449184675521
      ],
      [
        -0.08927392898125583,
        -0.009234836730864178,
        0.04791373680954338,
        -0.027034040743752426,
        0.4140226158862829,
        0.24639211489937096,
        0.4623446210441006,
        -0.11665553796758013,
        -0.09644230989119583,
        -0.05389863842663467
      ],
      [
        0.08440499251786095,
        0.11395367598206657,
        -0.1811794887707059,
        -0.36900827684454285,
        0.24639211489937096,
        0.4133288976006185,
        0.36495774845816276,
        0.07530008750046133,
        -0.07703498598603346,
        0.18884158444381335
      ],
      [
        -0.04491439656597939,
        0.06666252128824196,
        -0.02460189909972116,
        -0.15840245616172816,
        0.4623446210441006,
        0.36495774845816276,
        0.5832520146079131,
        -0.060019996522958564,
        -0.12472985284971415,
        0.03061537177377418
      ],
      [
        0.20434551179665444,
        0.22229720640218936,
        -0.18305553865290203,
        -0.20603542862510688,
        -0.11665553796758013,
        0.07530008750046133,
        -0.060019996522958564,
        0.2585641498510655,
        0.047490387423635386,
        0.1322002372443343
      ],
      [
        0.06556597391448234,
        0.005064354738183161,
        -0.022193069134850155,
        0.03897507873948828,
        -0.09644230989119583,
        -0.07703498598603348,
        -0.12472985284971415,
        0.047490387423635386,
        0.2568056522432551,
        -0.03129196995959976
      ],
      [
        0.12733545742803612,
        0.12382158812276482,
        -0.18119945875184168,
        -0.3145449184675521,
        -0.05389863842663467,
        0.18884158444381335,
        0.03061537177377418,
        0.1322002372443343,
        -0.03129196995959976,
        0.28330360835889107
      ]
    ],
    [
      [
        0.2162165466075822,
        0.20792518976106097,
        -0.1571292062007365,
        0.029418980134977152,
        0.0023422802701462105,
        0.028722638802079217,
        -0.0763360186741233,
        0.2673461216999924,
        0.11030763451004454,
        0.29396931585366576
      ],
      [
        0.20792518976106097,
        0.24693043846443674,
        -0.16223479473641414,
        0.13648545241368074,
        0.034335293452557376,
        0.06488905230499899,
        -0.07047335747225109,
        0.273615968926825,
        0.05563926915236373,
        0.2541113160898036
      ],
      [
        -0.1571292062007365,
        -0.16223479473641414,
        0.3625753582556796,
        0.06850415606182399,
        0.009015190070822408,
        -0.10412553889079024,
        0.1403664677961329,
        -0.3509682782887321,
        -0.20487454652489065,
        -0.1846029022086718
      ],
      [
        0.029418980134977152,
        0.13648545241368074,
        0.06850415606182399,
        0.44061578066008705,
        0.06328085090728826,
        0.08538907186651866,
        -0.03184675730789328,
        0.010627236772798025,
        -0.20203067539625263,
        0.013535684972549214
      ],
      [
        0.002342280270146371,
        0.034335293452557376,
        0.009015190070822408,
        0.06328085090728826,
        0.07718714556990898,
        0.059979751047308724,
        0.06155274004225255,
        0.022346272046693674,
        -0.03388387542360997,
        -0.011691244817217419
      ],
      [
        0.028722638802079217,
        0.06488905230499899,
        -0.10412553889079024,
        0.08538907186651866,
        0.059979751047308724,
        0.16038935460702256,
        0.005150155283598918,
        0.10509490419659422,
        -0.03949958469271198,
        0.027739483845015296
      ],
      [
        -0.0763360186741233,
        -0.07047335747225109,
        0.1403664677961329,
        -0.03184675730789335,
        0.061552740042252384,
        0.005150155283598998,
        0.1450890308462948,
        -0.14549373870496204,
        -0.09077574682787255,
        -0.10471691838221277
      ],
      [
        0.2673461216999924,
        0.2736159689268248,
        -0.3509682782887321,
        0.010627236772798025,
        0.022346272046693674,
        0.10509490419659422,
        -0.14549373870496204,
        0.4609753722093965,
        0.22651844427792248,
        0.33246736591384424
      ],
      [
        0.11030763451004454,
        0.05563926915236373,
        -0.20487454652489065,
        -0.20203067539625263,
        -0.03388387542360997,
        -0.03949958469271198,
        -0.09077574682787255,
        0.22651844427792248,
        0.31367967066419067,
        0.15079041238798566
      ],
      [
        0.29396931585366576,
        0.2541113160898034,
        -0.1846029022086718,
        0.013535684972549214,
        -0.011691244817217419,
        0.027739483845015296,
        -0.10471691838221277,
        0.33246736591384424,
        0.15079041238798566,
        0.5419917300696928
      ]
    ],
    [
      [
        0.9392270321038729,
        0.6427905112242542,
        -0.2596128831981923,
        -0.09682022233663222,
        -0.41524245212162664,
        -0.09618120277489253,
        0.058778909733278734,
        0.4024434560867129,
        -0.005776232651719527,
        0.522096195456499
      ],
      [
        0.6427905112242542,
        0.4909400977827525,
        -0.13769491565904768,
        0.007694726261504636,
        -0.2940531894179692,
        -0.0860264020613772,
        0.04250282368794117,
        0.3048114424996701,
        -0.03423354251974769,
        0.3835817726578201
      ],
      [
        -0.2596128831981923,
        -0.13769491565904768,
        0.353826784162844,
        0.42351233623515955,
        0.2617395648189945,
        0.0220730007815548,
        0.08598387937962843,
        -0.23775127096815224,
        -0.09371013402884018,
        -0.040109998409781945
      ],
      [
        -0.09682022233663222,
        0.007694726261504636,
        0.42351233623515955,
        0.6494516627661432,
        0.2623775589716168,
        0.06432421030730184,
        0.15523172019239337,
        -0.2151800535553813,
        -0.15627578325396774,
        0.1077250713137611
      ],
      [
        -0.41524245212162664,
        -0.2940531894179692,
        0.2617395648189945,
        0.2623775589716168,
        0.481268292833961,
        0.26232259942056224,
        0.13683327355469938,
        -0.24426053929809313,
        -0.01705943075186767,
        -0.20895337334175382
      ],
      [
        -0.09618120277489253,
        -0.0860264020613772,
        0.0220730007815548,
        0.06432421030730184,
        0.26232259942056224,
        0.30504743920200705,
        0.11881197888094845,
        -0.040900852313667246,
        0.02596473737032306,
        -0.09036274495349665
      ],
      [
        0.058778909733278734,
        0.04250282368794117,
        0.08598387937962843,
        0.15523172019239337,
        0.13683327355469938,
        0.11881197888094845,
        0.12151512938361629,
        -0.03112788312192299,
        -0.02027951901446003,
        0.07124631964459295
      ],
      [
        0.4024434560867129,
        0.3048114424996701,
        -0.23775127096815224,
        -0.2151800535553813,
        -0.2442605392980931,
        -0.040900852313667246,
        -0.03112788312192299,
        0.3442515871281583,
        0.02921739149986369,
        0.18233419559692216
      ],
      [
        -0.005776232651719527,
        -0.03423354251974769,
        -0.09371013402884018,
        -0.15627578325396774,
        -0.01705943075186767,
        0.02596473737032306,
        -0.02027951901446003,
        0.02921739149986369,
        0.085417105495975,
        -0.056454191354602466
      ],
      [
        0.5220961954564989,
        0.3835817726578201,
        -0.040109998409781945,
        0.1077250713137611,
        -0.20895337334175382,
        -0.09036274495349665,
        0.07124631964459295,
        0.18233419559692216,
        -0.056454191354602466,
        0.5080725040446215
      ]
    ],
    [
      [
        0.9544465276194691,
        1.1792879044813813,
        -0.20466328219381244,
        -0.10033029114281071,
        -0.37920512275371954,
        -0.031115059843534767,
        0.07788212294614968,
        1.252987974749142,
        0.8945822792835534,
        0.6686627196977952
      ],
      [
        1.1792879044813813,
        1.5002248915733214,
        -0.2594335360401381,
        -0.1312053946420776,
        -0.47683144522563387,
        -0.03245299032973246,
        0.10040998289756825,
        1.6151339684080668,
        1.0735798426142167,
        0.8441458246570891
      ],
      [
        -0.20466328219381244,
        -0.2594335360401381,
        0.0953128442255132,
        0.06399477379132433,
        0.1280833687760524,
        0.006127791731192235,
        0.026300873552849716,
        -0.30444990404655176,
        -0.1470212030256515,
        -0.15584788595287277
      ],
      [
        -0.10033029114281071,
        -0.1312053946420776,
        0.06399477379132433,
        0.04819247238256203,
        0.08055272309674011,
        0.0048543932476848035,
        0.036730532074546435,
        -0.16885399284353717,
        -0.06396437867036309,
        -0.08301775035464518
      ],
      [
        -0.37920512275371954,
        -0.47683144522563387,
        0.1280833687760524,
        0.08055272309674011,
        0.19956315454545498,
        0.01804771006498292,
        0.018751657864892957,
        -0.5383659787678964,
        -0.3460483760428853,
        -0.2649374186826326
      ],
      [
        -0.031115059843534767,
        -0.03245299032973246,
        0.006127791731192235,
        0.0048543932476848035,
        0.01804771006498292,
        0.016969848637657388,
        0.027043643797594854,
        -0.01565551553975949,
        -0.09158251718627787,
        0.00930830046682598
      ],
      [
        0.07788212294614968,
        0.10040998289756825,
        0.026300873552849716,
        0.036730532074546435,
        0.018751657864892957,
        0.027043643797594854,
        0.13631781995925313,
        0.10634009743532756,
        0.0032309306368198225,
        0.07567697911789616
      ],
      [
        1.252987974749142,
        1.6151339684080668,
        -0.30444990404655176,
        -0.16885399284353717,
        -0.5383659787678964,
        -0.01565551553975949,
        0.10634009743532756,
        1.844209006799027,
        1.0742722169328107,
        0.9482064479195251
      ],
      [
        0.8945822792835534,
        1.0735798426142167,
        -0.1470212030256515,
        -0.06396437867036309,
        -0.3460483760428853,
        -0.09158251718627787,
        0.0032309306368198225,
        1.0742722169328107,
        1.1841310663129074,
        0.4828468052904622
      ],
      [
        0.6686627196977952,
        0.8441458246570891,
        -0.15584788595287277,
        -0.08301775035464518,
        -0.2649374186826326,
        0.00930830046682598,
        0.07567697911789616,
        0.9482064479195251,
        0.4828468052904622,
        0.6135461491713498
      ]
    ],
    [
      [
        0.4279278347117011,
        0.42874194199435367,
        -0.18285255060935762,
        -0.016538958477754308,
        0.02396503050084339,
        -0.03203652058411901,
        -0.04786276600112365,
        0.44392163846251886,
        0.176524232941048,
        0.1796719895193116
      ],
      [
        0.42874194199435356,
        0.4892732105149417,
        -0.22011339155124182,
        -0.061505148317880724,
        0.02390106433538403,
        -0.00814519167139694,
        -0.010303555844929842,
        0.43646760451865974,
        0.13613375142651638,
        0.19568779136391007
      ],
      [
        -0.18285255060935762,
        -0.22011339155124182,
        0.32048112272196244,
        0.1762871866640714,
        -0.06582047117589354,
        -0.21456053557600505,
        -0.044419083812378725,
        -0.22136111126898542,
        0.05450775361115519,
        -0.17374121032605117
      ],
      [
        -0.016538958477754308,
        -0.061505148317880724,
        0.1762871866640714,
        0.46765278592472076,
        0.001476689852549269,
        -0.05334502967036532,
        -0.08105937319089862,
        -0.007854147750667652,
        0.009942493252393757,
        0.06866802905900707
      ],
      [
        0.02396503050084339,
        0.02390106433538403,
        -0.06582047117589354,
        0.001476689852549269,
        0.12529436904660649,
        0.11029136812520937,
        0.11418338766495487,
        0.039095869279840136,
        -0.00842589531755678,
        0.0018063343960015642
      ],
      [
        -0.03203652058411901,
        -0.00814519167139694,
        -0.21456053557600505,
        -0.05334502967036532,
        0.11029136812520937,
        0.3606430460216774,
        0.121828441457975,
        -0.0005806056893578684,
        -0.24400130434019057,
        0.27662062287664735
      ],
      [
        -0.04786276600112365,
        -0.010303555844929842,
        -0.044419083812378725,
        -0.08105937319089862,
        0.11418338766495487,
        0.121828441457975,
        0.19942096694287345,
        -0.07302243680026398,
        -0.0830033333799636,
        0.07622721879378924
      ],
      [
        0.44392163846251886,
        0.43646760451865974,
        -0.22136111126898542,
        -0.007854147750667652,
        0.039095869279840136,
        -0.0005806056893578684,
        -0.07302243680026398,
        0.5088124926310653,
        0.20076653166887382,
        0.1578115840709975
      ],
      [
        0.176524232941048,
        0.13613375142651638,
        0.05450775361115519,
        0.009942493252393757,
        -0.00842589531755678,
        -0.24400130434019057,
        -0.0830033333799636,
        0.20076653166887382,
        0.3124864809784898,
        -0.2349373131122796
      ],
      [
        0.1796719895193116,
        0.19568779136391007,
        -0.17374121032605117,
        0.06866802905900704,
        0.0018063343960015804,
        0.27662062287664735,
        0.07622721879378924,
        0.1578115840709975,
        -0.2349373131122796,
        0.9423014793491984
      ]
    ],
    [
      [
        0.0629116359391724,
        0.07864362682352909,
        -0.17026005399128064,
        -0.0456472668297753,
        -0.010076488428153786,
        0.07213610063271284,
        -0.004154106305416855,
        0.10901629776088458,
        -0.005172685550067042,
        0.11428653667794807
      ],
      [
        0.07864362682352909,
        0.15614190984296636,
        -0.2950246604917912,
        0.0458383675351805,
        0.08929074190982475,
        0.20464624544380033,
        0.08661013565651196,
        0.2059157373331658,
        -0.05216754530919409,
        0.12341996682818403
      ],
      [
        -0.17026005399128064,
        -0.2950246604917912,
        0.8493649294888672,
        0.09551124222803956,
        -0.04868792638174402,
        -0.43292013447596656,
        -0.09655757062678702,
        -0.48465851165166496,
        0.16667994199969777,
        -0.29355867043260664
      ],
      [
        -0.0456472668297753,
        0.0458383675351805,
        0.09551124222803956,
        0.3257393793776,
        0.2629161505963302,
        0.14751139955539483,
        0.2205075656602305,
        0.004667530724564697,
        -0.040391103437974245,
        -0.144205420121935
      ],
      [
        -0.010076488428153707,
        0.08929074190982475,
        -0.04868792638174402,
        0.2629161505963302,
        0.2387505302306672,
        0.20086725869556687,
        0.20813410040190372,
        0.08181015261195791,
        -0.06319768476115707,
        -0.06388118425575479
      ],
      [
        0.07213610063271284,
        0.20464624544380033,
        -0.43292013447596656,
        0.14751139955539483,
        0.20086725869556687,
        0.3606005333068671,
        0.2050947997014066,
        0.3034682246695969,
        -0.1425585958925321,
        0.10840082143653239
      ],
      [
        -0.004154106305416855,
        0.08661013565651196,
        -0.09655757062678702,
        0.2205075656602305,
        0.20813410040190372,
        0.2050947997014066,
        0.20360395111778876,
        0.10339881828844856,
        -0.0813823288865414,
        -0.0320358304782633
      ],
      [
        0.10901629776088458,
        0.2059157373331658,
        -0.48465851165166496,
        0.004667530724564697,
        0.08181015261195791,
        0.3034682246695968,
        0.10339881828844856,
        0.3461675040921688,
        -0.1249055990479165,
        0.2094660198558181
      ],
      [
        -0.005172685550067042,
        -0.05216754530919409,
        0.16667994199969782,
        -0.040391103437974266,
        -0.06319768476115707,
        -0.1425585958925321,
        -0.0813823288865414,
        -0.1249055990479165,
        0.12029104230297835,
        -0.024112203965806545
      ],
      [
        0.11428653667794807,
        0.12341996682818403,
        -0.29355867043260664,
        -0.144205420121935,
        -0.06388118425575479,
        0.10840082143653239,
        -0.0320358304782633,
        0.2094660198558181,
        -0.024112203965806545,
        0.3124059144727857
      ]
    ]
  ],
  "state_labels": [
    "Early Stress",
    "Bull",
    "Late Cycle",
    "Crisis",
    "Stress",
    "Neutral"
  ],
  "aic": 6608.58,
  "bic": 9200.12,
  "feature_names": [
    "BAMLH0A0HYM2",
    "BAMLC0A0CM",
    "T10Y2Y",
    "T10Y3M",
    "DGS10",
    "DGS2",
    "DFII10",
    "NFCI",
    "ICSA",
    "VIX"
  ],
  "ll_baseline_mean": -0.786691,
  "ll_baseline_std": 3.396121
}